3 									  [Ancho]
6 									  [Alto]
1,1,0,0,1,0,0,1,0,0,1,0,0,1,0,0,0,0   [Piedras]
0,0,0,0,0,0,0,0,0,2,0,2,0,0,0,0,2,0   [Minas]
0,0,0,0,0,0,0,0,3,0,0,0,0,0,0,0,0,3   [Vitaminas]
0,0,0,0,0,4,0,0,0,0,0,0,4,0,0,0,0,0   [Escudos]
0,0,0,0,0,0,0,0,0,0,0,0,0,0,5,0,0,0   [Botiquines]
0,0,0,6,0,0,0,0,0,0,0,0,0,0,0,0,0,0   [Salida]
0,0,7,0,0,0,0,0,0,0,0,0,0,0,0,0,0,0   [Entrada]
0,0,8,0,0,0,0,0,0,0,0,0,0,0,0,0,0,0   [PacSim]

1,1,7-8,6,1,4,0,1,3,2,1,2,4,1,5,0,2,3 [Tablero Propuesto]

Graficamente:

	1  		1		 7-8
	6  		1		  4 
	0  		1		  3
	2  		1		  2
	4  		1		  5 
	0  		2		  3

